Полученная псевдослучайная последовательность:
0,1,0,0,1,1,0,0,0,1,1,0,0,1,1,1,1,0,1,1,1,1,0,0,0,0,1,0,1,1,1,1,1,1,0,1,1,1,1,1,0,0,1,0,0,0,0,0,0,1,0,1,0,1,1,0,0,1,1,0,1,1,0,1,0,0,1,0,1,0,1,0,1,0,1,0,1,1,0,0,0,1,1,1,1,1,1,1,1,0,1,1,0,1,0,1,1,0,1,1,1,1,1,1,1,0,1,1,1,1,0,0,1,1,1,0,0,1,1,0,0,1,1,0,1,0,0,0

a) Частотный побитовый тест: 
Р = 0.07709987174354183
b) Тест на одинаковые подряд идущие биты: 
Р = 0.9368137041187848
c) Тест на самую длинную последовательность единиц в
блоке:
Р = 0.22362858

Все Р >= 0.01. Следовательно, последовательность случайна
